20220711 融券、总市值、上市股票数量: (61525665140, 340.6, 478139.87, 349065.8461086445, 2136, 2678)
20220712 融券、总市值、上市股票数量: (60590080802, 335.18, 478673.25, 343974.8993370793, 2137, 2678)
20220713 融券、总市值、上市股票数量: (61059706506, 343.18, 478673.25, 347083.9093664816, 2137, 2678)
20220714 融券、总市值、上市股票数量: (61663350657, 351.05, 471633.71, 349834.3611916062, 2137, 2678)
20220715 融券、总市值、上市股票数量: (61484021300, 345.0, 471633.71, 344646.3340244039, 2137, 2679)
20220718 融券、总市值、上市股票数量: (62363955895, 353.73, 479002.57, 349751.9536374214, 2137, 2679)
20220719 融券、总市值、上市股票数量: (62682997977, 354.67, 482717.32, 350208.6109314454, 2137, 2679)
20220720 融券、总市值、上市股票数量: (63207502714, 357.52, 478438.03, 352779.0248450564, 2137, 2679)
20220721 融券、总市值、上市股票数量: (62845739998, 357.89, 478542.01, 350102.4980966584, 2139, 2679)
20220722 融券、总市值、上市股票数量: (63428133072, 357.69, 478542.01, 348762.1684788182, 2139, 2679)
20220725 融券、总市值、上市股票数量: (63315557034, 354.01, 475643.64, 345592.0667177823, 2140, 2680)
20220726 融券、总市值、上市股票数量: (63735038595, 356.0, 479840.9, 349185.1224016757, 2140, 2681)
20220727 融券、总市值、上市股票数量: (64161423121, 356.08, 481231.01, 350417.1060243652, 2141, 2682)
20220728 融券、总市值、上市股票数量: (64570753061, 361.86, 477054.93, 351894.1121414708, 2143, 2682)
20220729 融券、总市值、上市股票数量: (63864994896, 358.72, 478508.34, 348843.5869405129, 2143, 2683)
20220801 融券、总市值、上市股票数量: (64215210576, 368.33, 468030.69, 352330.4913658222, 2144, 2684)
20220802 融券、总市值、上市股票数量: (63261255414, 361.62, 464976.54, 342151.48694039107, 2144, 2685)
20220803 融券、总市值、上市股票数量: (63546053793, 359.41, 468744.96, 338858.1983484595, 2144, 2685)
20220804 融券、总市值、上市股票数量: (64511564452, 365.33, 475110.0, 341908.4717430059, 2146, 2686)
20220805 融券、总市值、上市股票数量: (66718746809, 385.13, 476414.16, 347507.73569744197, 2146, 2689)
20220808 融券、总市值、上市股票数量: (67325512668, 386.06, 478239.09, 350759.0377549246, 2147, 2692)
20220809 融券、总市值、上市股票数量: (67835090165, 388.04, 483186.51, 351580.3663870723, 2148, 2692)
20220810 融券、总市值、上市股票数量: (67670779003, 384.28, 483186.51, 350440.97628325236, 2148, 2694)
20220811 融券、总市值、上市股票数量: (68929652326, 390.63, 483322.29, 356326.2142177968, 2149, 2695)
20220812 融券、总市值、上市股票数量: (68627101865, 388.01, 483391.47, 354676.3607422468, 2149, 2696)
20220815 融券、总市值、上市股票数量: (68246585573, 388.61, 486045.66, 356398.79656381096, 2151, 2697)
20220816 融券、总市值、上市股票数量: (68789483520, 393.08, 486045.66, 357988.3934536235, 2151, 2698)
20220817 融券、总市值、上市股票数量: (69335777525, 398.41, 484730.36, 360565.73577643593, 2154, 2699)
20220818 融券、总市值、上市股票数量: (70060666031, 395.82, 481539.37, 359866.14284124185, 2154, 2702)
20220819 融券、总市值、上市股票数量: (68973265062, 387.79, 485789.39, 355417.9318731228, 2155, 2705)
20220822 融券、总市值、上市股票数量: (69738009821, 393.92, 485915.55, 358855.1426337445, 2156, 2705)
20220823 融券、总市值、上市股票数量: (70332089957, 399.15, 476433.96, 358670.89523082686, 2156, 2705)
20220824 融券、总市值、上市股票数量: (68587982412, 386.26, 480485.55, 347912.0195812619, 2158, 2705)
20220825 融券、总市值、上市股票数量: (68921511628, 386.11, 478948.62, 347020.898694332, 2159, 2706)
20220826 融券、总市值、上市股票数量: (69313799949, 382.37, 480261.75, 345595.9194749882, 2160, 2707)
20220829 融券、总市值、上市股票数量: (68928377843, 383.5, 478300.46, 346143.2431996613, 2160, 2708)
20220830 融券、总市值、上市股票数量: (68519738825, 377.34, 473612.98, 344548.9642987275, 2162, 2708)
20220830 融券、总市值、上市股票数量: (68519738825, 377.34, 473612.98, 344548.9642987275, 2162, 2708)
20220831 融券、总市值、上市股票数量: (67641547722, 370.9, 471246.09, 338013.0586703771, 2162, 2711)
20220901 融券、总市值、上市股票数量: (67626600084, 366.52, 471246.09, 335547.4349348576, 2162, 2711)
20220902 融券、总市值、上市股票数量: (67846342686, 366.42, 473725.33, 337135.29565180483, 2163, 2713)
20220905 融券、总市值、上市股票数量: (68217966804, 369.27, 480281.58, 336954.4105387773, 2163, 2714)
20220906 融券、总市值、上市股票数量: (69481020611, 373.04, 481116.0, 341047.5595095482, 2163, 2714)
20220907 融券、总市值、上市股票数量: (69805592535, 380.97, 479416.61, 342628.7929543237, 2163, 2714)
20220908 融券、总市值、上市股票数量: (69498455458, 376.98, 483801.53, 339714.7223105837, 2165, 2717)
20220909 融券、总市值、上市股票数量: (69348638154, 372.99, 484106.27, 342154.9091276835, 2166, 2720)
